7816[ms]
3834,1576570060490,211,3709,1576570060490,62,1576570060490,7816
105,1250
1355,5,117,972,0,29,0,2582
recalc size 1
num    size 1
stable
change vec of stable code
72,1169
1241,11,107,1038,0,28,0,2519
59,774
833,1,98,965,0,26,0,2019
59,769
recalc size 0
num    size 0
57,782
839,0,102,941,0,27,0,2023
58,770
828,0,100,945,0,26,0,1995
57,775
832,1,100,929,0,28,0,1982
recalc size 2
num    size 2
stable
change vec of stable code
stable
change vec of stable code
88,932
1020,5,104,1027,0,31,0,2283
