Query point 0
318

Query point 1
328

Query point 2
329

Query point 3
330

Query point 4
331

Query point 5
338

Query point 6
340
342
339
341

Query point 7
339
341
340
342

Query point 8
340
342
339
341

Query point 9
344

Query point 10
362
5643

Query point 11
363

Query point 12
364
694
2478
5644

Query point 13
368
5645

Query point 14
369
370
5646

Query point 15
369
370

Query point 16
371
372
5647
5648

Query point 17
371
372
5647
5648

Query point 18
374
1115
2899
4948
5650

Query point 19
375
1116
2900
5651

Query point 20
377
1118
2902
5653

Query point 21
378
1119
2903
4952
5654

Query point 22
379
1120
2904
5655

Query point 23
381

Query point 24
383
384
5806
5807
382
5805

Query point 25
383
384
5806
5807
382
5805

Query point 26
387

Query point 27
421

Query point 28
420
422

Query point 29
423

Query point 30
424

Query point 31
425
426

Query point 32
425
426

Query point 33
430

Query point 34
432
433
435
436

Query point 35
434

Query point 36
433
435
436

Query point 37
437

Query point 38
438
439

Query point 39
441
440

Query point 40
447

Query point 41
448

Query point 42
449

Query point 43
465

Query point 44
467
468

Query point 45
470

Query point 46
472
473

Query point 47
472
473

Query point 48
474
475
476
477
478

Query point 49
474
475
476
477
478

Query point 50
474
475
476
478

Query point 51
474
475
477
478

Query point 52
474
475
476
477
478

Query point 53
481
479

Query point 54
482
483
484

Query point 55
483
484

Query point 56
485
486

Query point 57
487

Query point 58
490

Query point 59
493
494

Query point 60
496
497

Query point 61
496
497

Query point 62
513

Query point 63
514

Query point 64
545
546

Query point 65
548

Query point 66
549

Query point 67
550
551

Query point 68
551
550

Query point 69
553

Query point 70
556

Query point 71
557

Query point 72
558

Query point 73
559
560

Query point 74
560
559

Query point 75
561

Query point 76
562

Query point 77
563

Query point 78
567
568
2090
3874

Query point 79
567
568
2090
3874

Query point 80
569
753
2091
2537
3875

Query point 81
573

Query point 82
574
575

Query point 83
576
577
4507

Query point 84
576
577
4507

Query point 85
607
608

Query point 86
607
608

Query point 87
612
2396
4279

Query point 88
613
614
2397
2398
4280
4281

Query point 89
613
614
616
619
2397
2398
2400
2403
4280
4281
4283
4286

Query point 90
615
616
2399
2400
4282
4283

Query point 91
614
615
616
619
2398
2399
2400
2403
4281
4282
4283
4286

Query point 92
250
252
256
257
617
620
624
626
2401
2404
2408
2410
4274
4276
4284
4287

Query point 93
618
2402
4285
619
2403
4286

Query point 94
614
616
619
2398
2400
2403
4281
4283
4286
618
2402
4285

Query point 95
250
252
256
257
617
620
624
626
2401
2404
2408
2410
4274
4276
4284
4287

Query point 96
248
253
254
258
611
621
622
627
2395
2405
2406
2411
4272
4277
4278
4288

Query point 97
247
248
249
622
623
629
2406
2407
2413
4271
4272
4273

Query point 98
250
252
256
257
617
620
624
626
2401
2404
2408
2410
4274
4276
4284
4287

Query point 99
251
622
625
2406
2409
4275

Query point 100
250
252
256
257
617
620
624
626
2401
2404
2408
2410
4274
4276
4284
4287

Query point 101
248
253
254
258
621
622
627
2405
2406
2411
4272
4277
4288

Query point 102
247
248
249
622
623
629
2406
2407
2413
4271
4272
4273

Query point 103
243
244
630
631
2414
2415
4292
4293

Query point 104
243
244
630
631
632
2414
2415
2416
4292
4293

Query point 105
245
631
632
635
2415
2416
2419
4294

Query point 106
240
633
634
2417
2418
4289
241
4290

Query point 107
240
633
634
2417
2418
4289
241
635
2419
4290

Query point 108
242
632
635
2416
2419
4291
634
2418

Query point 109
636
640
2420
2424
638
2422

Query point 110
637
639
641
2421
2423
2425

Query point 111
638
2422
636
640
2420
2424

Query point 112
637
639
641
2421
2423
2425

Query point 113
636
640
2420
2424
638
2422

Query point 114
637
639
641
2421
2423
2425

Query point 115
262
642
1400
2426
3184
4312
5215

Query point 116
643
2427

Query point 117
644
2428

Query point 118
645
646
2429
2430

Query point 119
645
646
2429
2430

Query point 120
647
648
2431
2432

Query point 121
647
648
649
650
2431
2432
2433
2434
651
652
2435
2436

Query point 122
648
649
650
2432
2433
2434
651
652
2435
2436
4299

Query point 123
648
649
650
2432
2433
2434
651
652
2435
2436

Query point 124
651
652
2435
2436
648
649
650
2432
2433
2434

Query point 125
651
652
2435
2436
648
649
650
2432
2433
2434

Query point 126
653
2437

Query point 127
654
2438

Query point 128
655
2439

Query point 129
656
657
2440
2441
4373
4374

Query point 130
660
2444

Query point 131
663
2447
662
2446

Query point 132
666
2450
4436

Query point 133
667
2451
4437

Query point 134
669
2453

Query point 135
670
2454

Query point 136
671
2455

Query point 137
672
2456

Query point 138
673
674
675
2457
2458
2459

Query point 139
673
674
675
2457
2458
2459

Query point 140
673
674
675
2457
2458
2459

Query point 141
676
2460

Query point 142
677
2461

Query point 143
678
2462
4450

Query point 144
679
680
2463
2464

Query point 145
679
680
2463
2464

Query point 146
698
2482

Query point 147
699
2483

Query point 148
700
2484

Query point 149
701
2485

Query point 150
702
703
2486
2487
4484

Query point 151
702
703
2486
2487
4484

Query point 152
705
2489
706
2490

Query point 153
706
2490
705
2489

Query point 154
707
2491
4488

Query point 155
708
2492

Query point 156
709
2493

Query point 157
711
716
717
719
2495
2500
2501
2503

Query point 158
712
2496

Query point 159
713
2497
4491

Query point 160
711
716
717
719
2495
2500
2501
2503

Query point 161
711
716
717
719
2495
2500
2501
2503
4496

Query point 162
711
716
717
719
2495
2500
2501
2503
4498

Query point 163
721
2505

Query point 164
743
744
2527
2528

Query point 165
743
744
2527
2528

Query point 166
747
2531

Query point 167
749
2533

Query point 168
750
2534

Query point 169
569
753
2091
2537
3875

Query point 170
756
2540

Query point 171
762
2546

Query point 172
766
767
768
2550
2551
2552
4625
4626
4627

Query point 173
766
767
768
769
2550
2551
2552
2553
4625
4626
4627
4628

Query point 174
766
767
768
769
2550
2551
2552
2553
4625
4626
4627
4628

Query point 175
767
768
769
2551
2552
2553
4626
4627
4628

Query point 176
765
770
771
772
2549
2554
2555
2556
4624
4629
4630
4631

Query point 177
765
770
771
772
2549
2554
2555
2556
4624
4629
4630
4631

Query point 178
765
770
771
772
2549
2554
2555
2556
4624
4629
4630
4631

Query point 179
773
2557
4632

Query point 180
774
2558
4633

Query point 181
777
778
2561
2562
4622

Query point 182
791
792
2575
2576

Query point 183
791
792
2575
2576

Query point 184
793
2577

Query point 185
794
795
2578
2579

Query point 186
797
2581

Query point 187
798
2582

Query point 188
799
800
2583
2584
801
2585

Query point 189
801
2585
800
2584

Query point 190
802
838
2586
2622

Query point 191
803
839
2587
2623
4526
4793

Query point 192
804
2588

Query point 193
808
809
2592
2593

Query point 194
808
809
2592
2593

Query point 195
810
2594

Query point 196
811
2595

Query point 197
812
813
814
2596
2597
2598

Query point 198
812
813
814
2596
2597
2598

Query point 199
812
813
814
2596
2597
2598

Query point 200
815
2599
4549

Query point 201
816
2600

Query point 202
817
818
2601
2602

Query point 203
817
818
822
2601
2602
2606

Query point 204
819
2603

Query point 205
820
823
2604
2607
824
2608

Query point 206
821
2605
822
2606

Query point 207
818
822
2602
2606
821
2605

Query point 208
820
823
2604
2607
824
2608
4560

Query point 209
824
2608
820
823
2604
2607

Query point 210
825
2609

Query point 211
826
2610

Query point 212
829
2613
4798

Query point 213
830
2614
4567
4799

Query point 214
831
2615
834
2618
4785

Query point 215
832
833
2616
2617
4786
4787

Query point 216
832
833
2616
2617
4786
4787

Query point 217
834
835
836
2618
2619
2620
831
2615

Query point 218
834
835
836
2618
2619
2620

Query point 219
834
835
836
2618
2619
2620
837
2621

Query point 220
837
2621
836
2620

Query point 221
802
838
2586
2622
4525
4792

Query point 222
803
839
2587
2623
4526
4793

Query point 223
840
2624

Query point 224
841
2625
4795

Query point 225
843
2627
4797

Query point 226
844
845
2628
2629
4800
4801

Query point 227
846
847
2630
2631
5780
5781

Query point 228
846
847
2630
2631
5780
5781

Query point 229
848
2632
5782

Query point 230
849
850
2633
2634
5783
5784

Query point 231
849
850
2633
2634
5783
5784

Query point 232
851
2635
5785

Query point 233
852
2636

Query point 234
857
1870
2641
3654
5752

Query point 235
859
2643
4671
858
2642
4670

Query point 236
860
861
2644
2645
4668
4669

Query point 237
863
2647
4675
4676

Query point 238
865
866
2649
2650
4678
4679
864
2648
4677

Query point 239
865
866
2649
2650
4678
4679
864
2648
4677

Query point 240
871
2655
4684

Query point 241
872
2656
4685

Query point 242
873
2657
4686

Query point 243
883
2667

Query point 244
885
2669

Query point 245
888
2672
4699

Query point 246
889
2673

Query point 247
893
2677

Query point 248
899
2683

Query point 249
900
901
2684
2685

Query point 250
900
901
2684
2685
4716
4718

Query point 251
902
2686
4719
4720

Query point 252
903
2687
4721

Query point 253
904
905
2688
2689
906
2690
4722
4723

Query point 254
904
905
2688
2689
906
2690
4722
4723
4724

Query point 255
906
2690
4723
4724
904
905
2688
2689

Query point 256
907
2691

Query point 257
908
2692
4725
909
2693
4726

Query point 258
909
910
2693
2694
4726
4727
908
2692
4725

Query point 259
909
910
2693
2694
4726
4727

Query point 260
911
912
2695
2696
4729
4728

Query point 261
911
912
2695
2696
4729
4728

Query point 262
913
914
915
2697
2698
2699

Query point 263
913
914
915
2697
2698
2699

Query point 264
913
914
915
2697
2698
2699

Query point 265
951
952
2735
2736

Query point 266
953
2737

Query point 267
954
2738

Query point 268
955
956
2739
2740
4803
4804

Query point 269
957
2741
4805

Query point 270
959
2743
1002
2786

Query point 271
983
1555
2767
3339

Query point 272
1002
2786
959
1655
2743
3439

Query point 273
1039
1040
2823
2824
4905
4906
1041
2825
4907

Query point 274
1041
2825
4907
1039
1040
2823
2824
4905
4906

Query point 275
1043
2827

Query point 276
1044
1045
1046
2828
2829
2830
4909
4910
4911

Query point 277
1044
1045
1046
2828
2829
2830
4909
4910
4911

Query point 278
1047
1048
1049
1050
1051
2831
2832
2833
2834
2835
4897
4898
4899
4900

Query point 279
1047
1048
1049
1050
1051
1052
2831
2832
2833
2834
2835
2836
4897
4898
4899
4900
4901

Query point 280
1047
1048
1049
1050
1051
1052
1053
2831
2832
2833
2834
2835
2836
2837
4897
4898
4899
4900
4901
4902

Query point 281
1048
1049
1050
1051
1052
1053
2832
2833
2834
2835
2836
2837
4899
4900
4901
4902

Query point 282
1049
1050
1051
1052
1053
2833
2834
2835
2836
2837
4900
4901
4902

Query point 283
1050
1051
1052
1053
2834
2835
2836
2837
4903

Query point 284
1055
2839
4896
1054
2838
4895

Query point 285
1056
2840
4884

Query point 286
1058
2842
4885

Query point 287
1059
2843

Query point 288
1060
2844
4886

Query point 289
1061
2845
4887

Query point 290
1062
1063
1064
2846
2847
2848
4888
4889
4890
1065
2849
4891

Query point 291
1062
1063
1064
2846
2847
2848
4888
4889
4890
1065
2849
4891

Query point 292
1062
1063
1064
2846
2847
2848
4888
4889
4890
1065
2849
4891

Query point 293
1065
1066
1067
2849
2850
2851
4891
4892
4893
1062
1063
1064
2846
2847
2848
4888
4889
4890

Query point 294
1065
1066
1067
2849
2850
2851
4891
4892
4893

Query point 295
1065
1066
1067
2849
2850
2851
4891
4892
4893

Query point 296
1068
2852
4894

Query point 297
1069
1070
1071
2853
2854
2855
4879
4880
4881

Query point 298
1069
1070
1071
2853
2854
2855
4880
4881

Query point 299
1072
1073
2856
2857
4882
4883

Query point 300
1091
2875

Query point 301
1095
1096
1203
1204
2879
2880
2987
2988
4928
4929
5030
5031

Query point 302
1095
1096
1203
1204
2879
2880
2987
2988
4928
4929
5030
5031

Query point 303
1097
2881
4930

Query point 304
1099
2883
4935

Query point 305
1105
2889
4939

Query point 306
1108
2892
4942

Query point 307
1125
2909
4959

Query point 308
1136
2920

Query point 309
1141
2925
4988

Query point 310
1145
2929
4977

Query point 311
1147
1148
2931
2932
4974
4975

Query point 312
1150
2934
4984

Query point 313
1151
2035
2036
2935
3819
3820
4985
5893
5894

Query point 314
1152
2037
2936
3821
4986
5895

Query point 315
1153
2937
4987

Query point 316
1154
2038
2938
3822

Query point 317
1155
1156
2939
2940
4979
4980

Query point 318
1157
2941
4981

Query point 319
1201
1215
2985
2999
5039
5051

Query point 320
1095
1096
1203
1204
2879
2880
2987
2988
4928
4929
5030
5031

Query point 321
1095
1096
1203
1204
2879
2880
2987
2988
4928
4929
5030
5031

Query point 322
1207
2991
5033

Query point 323
1208
2992
5034

Query point 324
1212
2996
5036

Query point 325
1201
1215
2985
2999
5039
5051

Query point 326
1221
3005
5045

Query point 327
1210
1222
1223
2994
3006
3007
5037
5048
5049

Query point 328
1227
3011
5056

Query point 329
1235
1236
3019
3020
1237
3021
5062
5063
5064

Query point 330
1237
3021
5062
5063
5064
1235
1236
3019
3020

Query point 331
1239
1240
3023
3024
5065
5066

Query point 332
1239
1240
3023
3024
5065
5066

Query point 333
1241
3025
5067

Query point 334
1242
3026

Query point 335
313
314
1250
1251
1827
1828
3034
3035
3611
3612
4265
4266
5092
5093
5702
5703

Query point 336
1252
1253
3036
3037
5167
5168

Query point 337
1254
1255
3038
3039
5094
5095

Query point 338
1256
1257
3040
3041
5096
5097

Query point 339
1258
1259
3042
3043
5098
5099

Query point 340
1260
1261
3044
3045
5100
5101

Query point 341
1262
1263
3046
3047
5102
5103

Query point 342
1264
1265
3048
3049
5104
5105

Query point 343
1266
1267
3050
3051
5106

Query point 344
1268
1269
3052
3053
5107
5108

Query point 345
1270
1271
3054
3055
5109
5110

Query point 346
1272
1273
3056
3057
5111
5112

Query point 347
1274
1275
3058
3059
5113
5114

Query point 348
1276
1277
3060
3061
5115
5116

Query point 349
1278
1279
3062
3063
5117
5118

Query point 350
1280
1281
3064
3065
5119
5120

Query point 351
1282
1283
3066
3067
5121
5122

Query point 352
1284
1285
3068
3069
5123
5124

Query point 353
1287
1288
3071
3072
5126
5127

Query point 354
1289
1290
3073
3074
5128
5129

Query point 355
1291
1292
3075
3076
5130
5131

Query point 356
1293
1294
3077
3078
5132
5133

Query point 357
1295
1296
3079
3080
5134

Query point 358
1297
1298
3081
3082
5135
5136

Query point 359
1299
1300
3083
3084
5137
5138

Query point 360
1301
1302
3085
3086
5139
5140

Query point 361
1303
1304
3087
3088
5141
5142

Query point 362
1305
1306
3089
3090
5143
5144

Query point 363
1307
1308
3091
3092
5145
5146

Query point 364
1309
1310
3093
3094
5147
5148

Query point 365
1311
1312
3095
3096
5149
5150

Query point 366
1313
1314
3097
3098
5151
5152

Query point 367
1315
1316
3099
3100
5153
5154

Query point 368
1317
1318
3101
3102
5155
5156

Query point 369
1319
1320
3103
3104
5157
5158

Query point 370
1322
3106
1321
3105
5159

Query point 371
1324
3108
1323
3107
5160

Query point 372
1325
1326
3109
3110
5169
5170

Query point 373
1328
3112
5162
1327
3111
5161

Query point 374
1329
1330
3113
3114
5163
5164

Query point 375
1345
3129
5077

Query point 376
1346
1347
3130
3131
5079
5080

Query point 377
1346
1347
3130
3131
5080

Query point 378
1364
3148
5197

Query point 379
1367
3151

Query point 380
1368
1369
3152
3153
5187
5188

Query point 381
1372
3156
5190

Query point 382
1373
3157
5191

Query point 383
1375
1376
3159
3160
5200
5201

Query point 384
1377
3161
5202

Query point 385
1381
1382
3165
3166
5198
5199

Query point 386
1392
1393
3176
3177
5211
5212

Query point 387
1392
1393
3176
3177
5211
5212

Query point 388
262
642
1400
2426
3184
4312
5215

Query point 389
1401
3185
5216

Query point 390
1402
1403
3186
3187
5217
5218

Query point 391
1402
1403
3186
3187
5217
5218

Query point 392
1404
3188
5219

Query point 393
1405
3189
5221

Query point 394
1407
1410
3191
3194
5223
5226

Query point 395
1408
1411
3192
3195
5224
5227

Query point 396
1412
3196

Query point 397
1413
1899
3197
3683

Query point 398
1414
1415
3198
3199
5234

Query point 399
1414
1415
3198
3199
5235

Query point 400
1416
3200
5236

Query point 401
1417
3201
4482
4496
5232
5233

Query point 402
1420
3204

Query point 403
1421
3205
5242

Query point 404
1423
3207
5239

Query point 405
1424
3208
5240

Query point 406
1426
3210
5268

Query point 407
1431
3215
5272

Query point 408
1432
3216
5273

Query point 409
1433
1434
1435
3217
3218
3219
5274
5275
5276

Query point 410
1433
1434
1435
3217
3218
3219
5274
5275
5276

Query point 411
1436
3220
5277

Query point 412
1437
3221
5278

Query point 413
1438
3222
5279

Query point 414
1439
3223

Query point 415
1441
1442
3225
3226
5280
5281

Query point 416
1455
1485
1488
3239
3269
3272
5294
5317
5321

Query point 417
1456
3240
5295

Query point 418
1471
1472
3255
3256
5311
5312

Query point 419
1471
1472
3255
3256
5312

Query point 420
1474
3258

Query point 421
1478
3262
5308

Query point 422
1479
3263
5309

Query point 423
1455
1485
1488
3239
3269
3272
5294
5317
5321

Query point 424
1486
3270
5318

Query point 425
1455
1485
1488
3239
3269
3272
5294
5317
5321

Query point 426
1489
3273

Query point 427
1505
3289

Query point 428
1506
3290

Query point 429
1510
3294
5339

Query point 430
1517
1518
3301
3302
5348
5349

Query point 431
1519
1520
3303
3304
5350
5351

Query point 432
1519
1520
3303
3304
5350
5351

Query point 433
1523
1524
3307
3308

Query point 434
1523
1524
3307
3308

Query point 435
1553
1554
3337
3338
5379
5380

Query point 436
983
1555
2767
3339

Query point 437
1559
3343
5388

Query point 438
1564
3348

Query point 439
1567
3351
5400
1568
3352
5399

Query point 440
1568
3352
1567
3351
5400
5399

Query point 441
1570
3354
5405

Query point 442
1573
3357
5408
5409
1572
3356

Query point 443
1576
3360
5394

Query point 444
1577
3361
5395

Query point 445
1579
3363
5397

Query point 446
1581
3365

Query point 447
1582
3366
5391

Query point 448
1592
3376
5421

Query point 449
1598
3382
5427

Query point 450
1602
3386

Query point 451
1603
1604
3387
3388
4528
5431
5432

Query point 452
1603
1604
3387
3388
4528
5431
5432

Query point 453
1643
3427
5466

Query point 454
1644
3428
5467

Query point 455
1646
1647
1648
3430
3431
3432
5469
5470
5471

Query point 456
1646
1647
1648
3430
3431
3432
5469
5470
5471

Query point 457
1646
1647
1648
3430
3431
3432
5469
5470
5471

Query point 458
1652
3436
5477

Query point 459
1653
3437

Query point 460
1654
3438
5479

Query point 461
1657
1658
3441
3442

Query point 462
1659
3443

Query point 463
1660
1661
3444
3445

Query point 464
1660
1661
3444
3445

Query point 465
1692
3476
5526

Query point 466
1693
1694
3477
3478
5525
5524

Query point 467
1720
3504

Query point 468
1721
3505

Query point 469
1722
3506

Query point 470
1723
1724
3507
3508
5553

Query point 471
1723
1724
3507
3508
5554

Query point 472
1725
3509
5556

Query point 473
1726
3510

Query point 474
1728
3512
5561

Query point 475
1729
3513
5562

Query point 476
1733
3517

Query point 477
1734
3518

Query point 478
1736
3520
5568

Query point 479
1737
3521

Query point 480
1738
3522
5575
1739
3523
5576

Query point 481
1739
3523
5576
1738
3522
5575

Query point 482
1742
1743
3526
3527
5571
5570

Query point 483
1742
1743
3526
3527
5571
5570

Query point 484
1744
1745
3528
3529
5572

Query point 485
1744
1745
3528
3529
5572
5573

Query point 486
1751
3535
1752
3536
5583
5584

Query point 487
1752
3536
5583
5584
1751
3535

Query point 488
1754
3538
5588

Query point 489
1755
1756
1757
3539
3540
3541

Query point 490
1755
1756
1757
3539
3540
3541

Query point 491
1755
1756
1757
3539
3540
3541

Query point 492
1758
3542

Query point 493
1762
3546

Query point 494
1804
3588

Query point 495
1806
3590
5666

Query point 496
1807
3591
5668

Query point 497
1808
3592
5669

Query point 498
1809
3593
5670

Query point 499
1811
1812
3595
3596
5671
5672
5673
1810
3594

Query point 500
1811
1812
3595
3596
5671
5672
5673
1810
3594

Query point 501
1815
3599
5665

Query point 502
1816
3600

Query point 503
1817
3601

Query point 504
1818
3602

Query point 505
1819
3603

Query point 506
1822
3606

Query point 507
1824
3608
5694

Query point 508
1825
3609

Query point 509
1826
3610

Query point 510
313
314
1250
1251
1827
1828
3034
3035
3611
3612
4265
4266
5092
5093
5702
5703

Query point 511
314
1251
1827
1828
3035
3611
3612
4266
5093
5703

Query point 512
1829
3613

Query point 513
1830
3614

Query point 514
1831
3615

Query point 515
1832
3616

Query point 516
1833
3617
5720

Query point 517
1834
3618

Query point 518
1835
3619
5722

Query point 519
1836
3620

Query point 520
1837
3621
5724

Query point 521
1838
1839
3622
3623
5718
5719

Query point 522
1838
1839
3622
3623
5718
5719

Query point 523
1842
3626
5727

Query point 524
1847
3631
5732

Query point 525
1849
1850
1851
3633
3634
3635
5743
5744
5745

Query point 526
1849
1850
1851
3633
3634
3635
5743
5744
5745

Query point 527
1853
3637
5734

Query point 528
1854
3638

Query point 529
1855
3639

Query point 530
1856
3640

Query point 531
1857
3641
5737

Query point 532
1859
3643
5741

Query point 533
1860
1861
3644
3645
5738
5739

Query point 534
1860
1861
3644
3645
5738
5739

Query point 535
1865
1866
3649
3650
5751
1864
3648
5749
5750

Query point 536
1865
1866
3649
3650
5751
1864
3648
5750

Query point 537
1868
1869
3652
3653
5753
5754

Query point 538
857
1870
2641
3654
5752

Query point 539
1872
3656
5757

Query point 540
1873
3657
1874
3658
5758
5759

Query point 541
1874
3658
5758
5759
1873
3657

Query point 542
1877
1878
1879
3661
3662
3663
5763
5764
5765

Query point 543
1877
1878
1879
1880
1881
3661
3662
3663
3664
3665
5763
5764
5765
5766
5767

Query point 544
1879
1880
3663
3664
5765
5766

Query point 545
1879
1881
3663
3665
5765
5767
1882
3666
5768

Query point 546
1882
3666
5768
1881
3665
5767

Query point 547
1884
1885
3668
3669
5769
5770

Query point 548
1894
3678
4654

Query point 549
1895
3679
4650

Query point 550
1896
3680
4652

Query point 551
1897
3681
4653

Query point 552
1898
3682
4655

Query point 553
1413
1899
3197
3683

Query point 554
1900
1901
3684
3685
4660
4661

Query point 555
1900
1901
3684
3685
4660
4661

Query point 556
1902
1903
3686
3687
4658
4659

Query point 557
1902
1903
3686
3687
4658
4659

Query point 558
1904
1906
1907
3688
3690
3691
4662
4664
4665

Query point 559
1905
3689
4663

Query point 560
1904
1906
1907
3688
3690
3691
4662
4664
4665

Query point 561
1904
1906
1907
3688
3690
3691
4662
4664
4665

Query point 562
1908
3692
4657

Query point 563
1909
3693
5980

Query point 564
1910
3694
4667

Query point 565
1911
3695
4666

Query point 566
1912
3696
5712

Query point 567
1913
3697

Query point 568
1914
3698
5709

Query point 569
1915
3699

Query point 570
1916
3700
5711

Query point 571
1917
3701
5713

Query point 572
1918
1919
3702
3703
5714

Query point 573
1918
1919
3702
3703
5715

Query point 574
1920
1921
3704
3705
5716
5717

Query point 575
1920
1921
3704
3705
5716
5717

Query point 576
1922
3706

Query point 577
1923
1924
3707
3708

Query point 578
1923
1924
3707
3708

Query point 579
1925
3709

Query point 580
1926
3710

Query point 581
1927
3711

Query point 582
1928
3712

Query point 583
1929
1930
3713
3714

Query point 584
1929
1930
3713
3714

Query point 585
1931
3715
5487

Query point 586
1932
3716
5488

Query point 587
1933
3717
2008
2014
3792
3798
5875
5879
5934

Query point 588
1941
3725
5494

Query point 589
1942
3726
4532
5495
1944
3728
1943
3727

Query point 590
1943
3727
4533
5496
1942
3726

Query point 591
1944
3728
4534
5497
1942
3726

Query point 592
1984
1985
3768
3769
5845

Query point 593
1987
3771

Query point 594
1988
1989
3772
3773
5847
5848

Query point 595
1992
3776
5844

Query point 596
1995
3779
5857

Query point 597
1997
3781
5854

Query point 598
1998
3782
5858

Query point 599
2001
3785
5860

Query point 600
2005
3789
5873

Query point 601
2021
3805
5884

Query point 602
2024
3808
5887

Query point 603
2025
3809

Query point 604
2026
3810

Query point 605
2027
3811

Query point 606
2014
2028
3798
3812
5890

Query point 607
2039
3823

Query point 608
2042
3826
5905

Query point 609
2045
2046
3829
3830
5899
5898

Query point 610
2047
3831

Query point 611
2048
3832

Query point 612
2049
3833

Query point 613
2050
3834

Query point 614
2051
3835

Query point 615
2053
3837

Query point 616
2054
3838

Query point 617
2055
3839
5896

Query point 618
2057
2058
3841
3842
5900
5901

Query point 619
2057
2058
3841
3842
5900
5901

Query point 620
2059
3843
5902

Query point 621
2061
3845

Query point 622
277
279
2063
2065
3847
3849
5912
5914

Query point 623
277
279
2063
2065
3847
3849
5912
5914

Query point 624
2072
3856
284
5922

Query point 625
2073
2074
2075
3857
3858
3859
5925
5924

Query point 626
2074
2075
3858
3859
5925
5924

Query point 627
2076
3860
5926

Query point 628
2077
3861
5927
2073
2078
3857
3862
5928

Query point 629
2078
3862
5928
2077
3861
5927

Query point 630
2079
3863
5929

Query point 631
2081
2082
3865
3866
5909
5910

Query point 632
2086
3870
5850

Query point 633
2087
3871

Query point 634
2088
3872
5852

Query point 635
2089
3873

Query point 636
567
568
2090
3874

Query point 637
569
753
2091
2537
3875

Query point 638
2095
3879
5937

Query point 639
2096
3880

Query point 640
2106
2107
2108
2109
3890
3891
3892
3893
5959
5960
5961
5962

Query point 641
2107
2108
2109
3891
3892
3893
5960
5961
5962

Query point 642
2107
2108
2109
3891
3892
3893
5960
5961
5962

Query point 643
2110
2111
3894
3895
5955
5956

Query point 644
2112
3896
5952
5954
2114
3898

Query point 645
2113
3897
5953

Query point 646
2114
3898
5954
2112
3896
5952

Query point 647
2115
2116
3899
3900
5963
5964

Query point 648
2117
3901
5965

Query point 649
2118
3902
5966

Query point 650
2119
3903
5967

Query point 651
2121
3905
5975

Query point 652
2122
3906
5976

Query point 653
2123
3907
5977

Query point 654
2124
3908
5978

Query point 655
2125
3909

Query point 656
2169
2170
3953
3954
6040
6041

Query point 657
2171
3955
6071

Query point 658
2173
2174
3957
3958
6062
6063

Query point 659
2175
2176
3959
3960
6068
6069

Query point 660
2178
2179
3962
3963
6060
6061

Query point 661
2178
2179
3962
3963
6060
6061

Query point 662
2180
2181
3964
3965
6064
6065

Query point 663
2180
2181
3964
3965
6064
6065
2182
3966
6066

Query point 664
2182
3966
6066
2181
3965
6064
6065

Query point 665
2184
2185
2187
3968
3969
3971
6053
6054
6056
2186
3970
6055

Query point 666
2184
2185
2188
3968
3969
3972
6053
6054
6057
2186
3970
6055

Query point 667
2186
3970
6055
2184
2185
2187
3968
3969
3971
6053
6054
6056

Query point 668
2184
2187
3968
3971
6053
6056
2186
3970
6055

Query point 669
2185
2188
3969
3972
6054
6057

Query point 670
2189
3973
6058

Query point 671
2194
3978

Query point 672
2199
2200
3983
3984
6049
6050

Query point 673
2199
2200
3983
3984
6049
6050

Query point 674
2201
2202
2265
2266
3985
3986
4049
4050
6051
6052
6100
6101

Query point 675
2201
2202
2265
2266
3985
3986
4049
4050
6051
6052
6100
6101

Query point 676
2203
2204
2205
2206
3987
3988
3989
3990
6073
6074
6075
6076

Query point 677
2204
2205
3988
3989
6074
6075

Query point 678
2203
2204
2206
3987
3988
3990
6073
6074
6076

Query point 679
2207
3991
6077

Query point 680
2210
2211
3994
3995
6078
6079

Query point 681
2212
3996
6136

Query point 682
2213
2214
2216
2217
3997
3998
4000
4001
6088
6089
6090
6091

Query point 683
2213
2214
2216
2217
3997
3998
4000
4001
6088
6089
6090
6091

Query point 684
2221
2222
4005
4006
6134
6135

Query point 685
2223
2224
4007
4008
6137
6138

Query point 686
2223
2225
2226
2227
2228
2229
4007
4009
4010
4011
4012
4013
6137
6139
6140
6141
6142
6143

Query point 687
2225
2226
2227
2228
2229
4009
4010
4011
4012
4013
6139
6140
6141
6142
6143

Query point 688
2225
2226
2227
2228
2229
4009
4010
4011
4012
4013
6139
6140
6141
6142
6143

Query point 689
2225
2226
2227
2228
2229
4009
4010
4011
4012
4013
6139
6140
6141
6142
6143

Query point 690
2225
2226
2227
2228
2229
4009
4010
4011
4012
4013
6139
6140
6141
6142
6143

Query point 691
2231
4015
6087

Query point 692
2232
4016
6083

Query point 693
2236
4020
6122
2234
4018
6120

Query point 694
2238
4022
6124

Query point 695
2239
4023
6125
2240
4024
6126

Query point 696
2240
4024
6126
2239
4023
6125

Query point 697
2241
4025
6127

Query point 698
2242
4026
6128

Query point 699
2243
4027
6129

Query point 700
2244
2245
4028
4029
6130

Query point 701
2244
2245
4028
4029
6130

Query point 702
2248
2249
4032
4033
6113
6114

Query point 703
2250
4034
6115

Query point 704
2251
2252
4035
4036
6116
6117

Query point 705
2251
2252
4035
4036
6116
6117

Query point 706
2253
2254
4037
4038
6118
6119

Query point 707
2253
2254
4037
4038
6118
6119

Query point 708
2255
4039

Query point 709
2256
2257
4040
4041
6131
6132

Query point 710
2256
2257
4040
4041
6131
6132

Query point 711
2259
4043
6094
6095
2260
4044

Query point 712
2260
4044
2259
2261
4043
4045
6094
6095
6096

Query point 713
2261
4045
6095
6096
2260
4044

Query point 714
2262
4046
6097

Query point 715
2263
2264
4047
4048
6098
6099

Query point 716
2263
2264
4047
4048
6098
6099

Query point 717
2201
2202
2265
2266
3985
3986
4049
4050
6051
6052
6100
6101

Query point 718
2268
2269
4052
4053
6102
6103

Query point 719
2268
2269
4052
4053
6102
6103

Query point 720
2271
4055

Query point 721
2273
2274
4057
4058
6106
6107
2272
4056
6105

Query point 722
2273
2274
4057
4058
6106
6107
2272
4056
6105

Query point 723
2275
2276
2277
4059
4060
4061
6108
6109
6110

Query point 724
2275
2276
2277
4059
4060
4061
6108
6109
6110

Query point 725
2275
2276
2277
4059
4060
4061
6108
6109
6110

Query point 726
2278
2279
4062
4063
6111

Query point 727
2280
2281
4064
4065
6080
6081

Query point 728
612
2396
4279

Query point 729
613
614
2397
2398
4280
4281

Query point 730
613
614
616
619
2397
2398
2400
2403
4280
4281
4283
4286

Query point 731
615
616
2399
2400
4282
4283

Query point 732
614
615
616
619
2398
2399
2400
2403
4281
4282
4283
4286

Query point 733
250
252
256
257
617
620
624
626
2401
2404
2408
2410
4274
4276
4284
4287

Query point 734
618
2402
4285
619
2403
4286

Query point 735
614
616
619
2398
2400
2403
4281
4283
4286
618
2402
4285

Query point 736
250
252
256
257
617
620
624
626
2401
2404
2408
2410
4274
4276
4284
4287

Query point 737
248
253
254
258
611
621
622
627
2395
2405
2406
2411
4272
4277
4278
4288

Query point 738
247
248
249
622
623
629
2406
2407
2413
4271
4272
4273

Query point 739
250
252
256
257
617
620
624
626
2401
2404
2408
2410
4274
4276
4284
4287

Query point 740
251
622
625
2406
2409
4275

Query point 741
250
252
256
257
617
620
624
626
2401
2404
2408
2410
4274
4276
4284
4287

Query point 742
248
253
254
258
621
622
627
2405
2406
2411
4272
4277
4288

Query point 743
247
248
249
622
623
629
2406
2407
2413
4271
4272
4273

Query point 744
243
244
630
631
2414
2415
4292
4293

Query point 745
243
244
630
631
632
2414
2415
2416
4292
4293

Query point 746
245
631
632
635
2415
2416
2419
4294

Query point 747
240
633
634
2417
2418
4289
241
4290

Query point 748
240
633
634
2417
2418
4289
241
635
2419
4290

Query point 749
242
632
635
2416
2419
4291
634
2418

Query point 750
636
640
2420
2424
638
2422

Query point 751
637
639
641
2421
2423
2425

Query point 752
638
2422
636
640
2420
2424

Query point 753
637
639
641
2421
2423
2425

Query point 754
636
640
2420
2424
638
2422

Query point 755
637
639
641
2421
2423
2425

Query point 756
262
642
1400
2426
3184
4312
5215

Query point 757
643
2427

Query point 758
644
2428

Query point 759
645
646
2429
2430

Query point 760
645
646
2429
2430

Query point 761
647
648
2431
2432

Query point 762
647
648
649
650
2431
2432
2433
2434
651
652
2435
2436

Query point 763
648
649
650
2432
2433
2434
651
652
2435
2436
4299

Query point 764
648
649
650
2432
2433
2434
651
652
2435
2436

Query point 765
651
652
2435
2436
648
649
650
2432
2433
2434

Query point 766
651
652
2435
2436
648
649
650
2432
2433
2434

Query point 767
653
2437

Query point 768
654
2438

Query point 769
655
2439

Query point 770
656
657
2440
2441
4373
4374

Query point 771
660
2444

Query point 772
663
2447
662
2446

Query point 773
666
2450
4436

Query point 774
667
2451
4437

Query point 775
669
2453

Query point 776
670
2454

Query point 777
671
2455

Query point 778
672
2456

Query point 779
673
674
675
2457
2458
2459

Query point 780
673
674
675
2457
2458
2459

Query point 781
673
674
675
2457
2458
2459

Query point 782
676
2460

Query point 783
677
2461

Query point 784
678
2462
4450

Query point 785
679
680
2463
2464

Query point 786
679
680
2463
2464

Query point 787
698
2482

Query point 788
699
2483

Query point 789
700
2484

Query point 790
701
2485

Query point 791
702
703
2486
2487
4484

Query point 792
702
703
2486
2487
4484

Query point 793
705
2489
706
2490

Query point 794
706
2490
705
2489

Query point 795
707
2491
4488

Query point 796
708
2492

Query point 797
709
2493

Query point 798
711
716
717
719
2495
2500
2501
2503

Query point 799
712
2496

Query point 800
713
2497
4491

Query point 801
711
716
717
719
2495
2500
2501
2503

Query point 802
711
716
717
719
2495
2500
2501
2503
4496

Query point 803
711
716
717
719
2495
2500
2501
2503
4498

Query point 804
721
2505

Query point 805
743
744
2527
2528

Query point 806
743
744
2527
2528

Query point 807
747
2531

Query point 808
749
2533

Query point 809
750
2534

Query point 810
569
753
2091
2537
3875

Query point 811
756
2540

Query point 812
762
2546

Query point 813
766
767
768
2550
2551
2552
4625
4626
4627

Query point 814
766
767
768
769
2550
2551
2552
2553
4625
4626
4627
4628

Query point 815
766
767
768
769
2550
2551
2552
2553
4625
4626
4627
4628

Query point 816
767
768
769
2551
2552
2553
4626
4627
4628

Query point 817
765
770
771
772
2549
2554
2555
2556
4624
4629
4630
4631

Query point 818
765
770
771
772
2549
2554
2555
2556
4624
4629
4630
4631

Query point 819
765
770
771
772
2549
2554
2555
2556
4624
4629
4630
4631

Query point 820
773
2557
4632

Query point 821
774
2558
4633

Query point 822
777
778
2561
2562
4622

Query point 823
791
792
2575
2576

Query point 824
791
792
2575
2576

Query point 825
793
2577

Query point 826
794
795
2578
2579

Query point 827
797
2581

Query point 828
798
2582

Query point 829
799
800
2583
2584
801
2585

Query point 830
801
2585
800
2584

Query point 831
802
838
2586
2622

Query point 832
803
839
2587
2623
4526
4793

Query point 833
804
2588

Query point 834
808
809
2592
2593

Query point 835
808
809
2592
2593

Query point 836
810
2594

Query point 837
811
2595

Query point 838
812
813
814
2596
2597
2598

Query point 839
812
813
814
2596
2597
2598

Query point 840
812
813
814
2596
2597
2598

Query point 841
815
2599
4549

Query point 842
816
2600

Query point 843
817
818
2601
2602

Query point 844
817
818
822
2601
2602
2606

Query point 845
819
2603

Query point 846
820
823
2604
2607
824
2608

Query point 847
821
2605
822
2606

Query point 848
818
822
2602
2606
821
2605

Query point 849
820
823
2604
2607
824
2608
4560

Query point 850
824
2608
820
823
2604
2607

Query point 851
825
2609

Query point 852
826
2610

Query point 853
829
2613
4798

Query point 854
830
2614
4567
4799

Query point 855
831
2615
834
2618
4785

Query point 856
832
833
2616
2617
4786
4787

Query point 857
832
833
2616
2617
4786
4787

Query point 858
834
835
836
2618
2619
2620
831
2615

Query point 859
834
835
836
2618
2619
2620

Query point 860
834
835
836
2618
2619
2620
837
2621

Query point 861
837
2621
836
2620

Query point 862
802
838
2586
2622
4525
4792

Query point 863
803
839
2587
2623
4526
4793

Query point 864
840
2624

Query point 865
841
2625
4795

Query point 866
843
2627
4797

Query point 867
844
845
2628
2629
4800
4801

Query point 868
846
847
2630
2631
5780
5781

Query point 869
846
847
2630
2631
5780
5781

Query point 870
848
2632
5782

Query point 871
849
850
2633
2634
5783
5784

Query point 872
849
850
2633
2634
5783
5784

Query point 873
851
2635
5785

Query point 874
852
2636

Query point 875
857
1870
2641
3654
5752

Query point 876
859
2643
4671
858
2642
4670

Query point 877
860
861
2644
2645
4668
4669

Query point 878
863
2647
4675
4676

Query point 879
865
866
2649
2650
4678
4679
864
2648
4677

Query point 880
865
866
2649
2650
4678
4679
864
2648
4677

Query point 881
871
2655
4684

Query point 882
872
2656
4685

Query point 883
873
2657
4686

Query point 884
883
2667

Query point 885
885
2669

Query point 886
888
2672
4699

Query point 887
889
2673

Query point 888
893
2677

Query point 889
899
2683

Query point 890
900
901
2684
2685

Query point 891
900
901
2684
2685
4716
4718

Query point 892
902
2686
4719
4720

Query point 893
903
2687
4721

Query point 894
904
905
2688
2689
906
2690
4722
4723

Query point 895
904
905
2688
2689
906
2690
4722
4723
4724

Query point 896
906
2690
4723
4724
904
905
2688
2689

Query point 897
907
2691

Query point 898
908
2692
4725
909
2693
4726

Query point 899
909
910
2693
2694
4726
4727
908
2692
4725

Query point 900
909
910
2693
2694
4726
4727

Query point 901
911
912
2695
2696
4729
4728

Query point 902
911
912
2695
2696
4729
4728

Query point 903
913
914
915
2697
2698
2699

Query point 904
913
914
915
2697
2698
2699

Query point 905
913
914
915
2697
2698
2699

Query point 906
951
952
2735
2736

Query point 907
953
2737

Query point 908
954
2738

Query point 909
955
956
2739
2740
4803
4804

Query point 910
957
2741
4805

Query point 911
959
2743
1002
2786

Query point 912
983
1555
2767
3339

Query point 913
1002
2786
959
1655
2743
3439

Query point 914
1039
1040
2823
2824
4905
4906
1041
2825
4907

Query point 915
1041
2825
4907
1039
1040
2823
2824
4905
4906

Query point 916
1043
2827

Query point 917
1044
1045
1046
2828
2829
2830
4909
4910
4911

Query point 918
1044
1045
1046
2828
2829
2830
4909
4910
4911

Query point 919
1047
1048
1049
1050
1051
2831
2832
2833
2834
2835
4897
4898
4899
4900

Query point 920
1047
1048
1049
1050
1051
1052
2831
2832
2833
2834
2835
2836
4897
4898
4899
4900
4901

Query point 921
1047
1048
1049
1050
1051
1052
1053
2831
2832
2833
2834
2835
2836
2837
4897
4898
4899
4900
4901
4902

Query point 922
1048
1049
1050
1051
1052
1053
2832
2833
2834
2835
2836
2837
4899
4900
4901
4902

Query point 923
1049
1050
1051
1052
1053
2833
2834
2835
2836
2837
4900
4901
4902

Query point 924
1050
1051
1052
1053
2834
2835
2836
2837
4903

Query point 925
1055
2839
4896
1054
2838
4895

Query point 926
1056
2840
4884

Query point 927
1058
2842
4885

Query point 928
1059
2843

Query point 929
1060
2844
4886

Query point 930
1061
2845
4887

Query point 931
1062
1063
1064
2846
2847
2848
4888
4889
4890
1065
2849
4891

Query point 932
1062
1063
1064
2846
2847
2848
4888
4889
4890
1065
2849
4891

Query point 933
1062
1063
1064
2846
2847
2848
4888
4889
4890
1065
2849
4891

Query point 934
1065
1066
1067
2849
2850
2851
4891
4892
4893
1062
1063
1064
2846
2847
2848
4888
4889
4890

Query point 935
1065
1066
1067
2849
2850
2851
4891
4892
4893

Query point 936
1065
1066
1067
2849
2850
2851
4891
4892
4893

Query point 937
1068
2852
4894

Query point 938
1069
1070
1071
2853
2854
2855
4879
4880
4881

Query point 939
1069
1070
1071
2853
2854
2855
4880
4881

Query point 940
1072
1073
2856
2857
4882
4883

Query point 941
1091
2875

Query point 942
1095
1096
1203
1204
2879
2880
2987
2988
4928
4929
5030
5031

Query point 943
1095
1096
1203
1204
2879
2880
2987
2988
4928
4929
5030
5031

Query point 944
1097
2881
4930

Query point 945
1099
2883
4935

Query point 946
1105
2889
4939

Query point 947
1108
2892
4942

Query point 948
1125
2909
4959

Query point 949
1136
2920

Query point 950
1141
2925
4988

Query point 951
1145
2929
4977

Query point 952
1147
1148
2931
2932
4974
4975

Query point 953
1150
2934
4984

Query point 954
1151
2035
2036
2935
3819
3820
4985
5893
5894

Query point 955
1152
2037
2936
3821
4986
5895

Query point 956
1153
2937
4987

Query point 957
1154
2038
2938
3822

Query point 958
1155
1156
2939
2940
4979
4980

Query point 959
1157
2941
4981

Query point 960
1201
1215
2985
2999
5039
5051

Query point 961
1095
1096
1203
1204
2879
2880
2987
2988
4928
4929
5030
5031

Query point 962
1095
1096
1203
1204
2879
2880
2987
2988
4928
4929
5030
5031

Query point 963
1207
2991
5033

Query point 964
1208
2992
5034

Query point 965
1212
2996
5036

Query point 966
1201
1215
2985
2999
5039
5051

Query point 967
1221
3005
5045

Query point 968
1210
1222
1223
2994
3006
3007
5037
5048
5049

Query point 969
1227
3011
5056

Query point 970
1235
1236
3019
3020
1237
3021
5062
5063
5064

Query point 971
1237
3021
5062
5063
5064
1235
1236
3019
3020

Query point 972
1239
1240
3023
3024
5065
5066

Query point 973
1239
1240
3023
3024
5065
5066

Query point 974
1241
3025
5067

Query point 975
1242
3026

Query point 976
313
314
1250
1251
1827
1828
3034
3035
3611
3612
4265
4266
5092
5093
5702
5703

Query point 977
1252
1253
3036
3037
5167
5168

Query point 978
1254
1255
3038
3039
5094
5095

Query point 979
1256
1257
3040
3041
5096
5097

Query point 980
1258
1259
3042
3043
5098
5099

Query point 981
1260
1261
3044
3045
5100
5101

Query point 982
1262
1263
3046
3047
5102
5103

Query point 983
1264
1265
3048
3049
5104
5105

Query point 984
1266
1267
3050
3051
5106

Query point 985
1268
1269
3052
3053
5107
5108

Query point 986
1270
1271
3054
3055
5109
5110

Query point 987
1272
1273
3056
3057
5111
5112

Query point 988
1274
1275
3058
3059
5113
5114

Query point 989
1276
1277
3060
3061
5115
5116

Query point 990
1278
1279
3062
3063
5117
5118

Query point 991
1280
1281
3064
3065
5119
5120

Query point 992
1282
1283
3066
3067
5121
5122

Query point 993
1284
1285
3068
3069
5123
5124

Query point 994
1287
1288
3071
3072
5126
5127

Query point 995
1289
1290
3073
3074
5128
5129

Query point 996
1291
1292
3075
3076
5130
5131

Query point 997
1293
1294
3077
3078
5132
5133

Query point 998
1295
1296
3079
3080
5134

Query point 999
1297
1298
3081
3082
5135
5136

Query point 1000
1299
1300
3083
3084
5137
5138

Query point 1001
1301
1302
3085
3086
5139
5140

Query point 1002
1303
1304
3087
3088
5141
5142

Query point 1003
1305
1306
3089
3090
5143
5144

Query point 1004
1307
1308
3091
3092
5145
5146

Query point 1005
1309
1310
3093
3094
5147
5148

Query point 1006
1311
1312
3095
3096
5149
5150

Query point 1007
1313
1314
3097
3098
5151
5152

Query point 1008
1315
1316
3099
3100
5153
5154

Query point 1009
1317
1318
3101
3102
5155
5156

Query point 1010
1319
1320
3103
3104
5157
5158

Query point 1011
1322
3106
1321
3105
5159

Query point 1012
1324
3108
1323
3107
5160

Query point 1013
1325
1326
3109
3110
5169
5170

Query point 1014
1328
3112
5162
1327
3111
5161

Query point 1015
1329
1330
3113
3114
5163
5164

Query point 1016
1345
3129
5077

Query point 1017
1346
1347
3130
3131
5079
5080

Query point 1018
1346
1347
3130
3131
5080

Query point 1019
1364
3148
5197

Query point 1020
1367
3151

Query point 1021
1368
1369
3152
3153
5187
5188

Query point 1022
1372
3156
5190

Query point 1023
1373
3157
5191

Query point 1024
1375
1376
3159
3160
5200
5201

Query point 1025
1377
3161
5202

Query point 1026
1381
1382
3165
3166
5198
5199

Query point 1027
1392
1393
3176
3177
5211
5212

Query point 1028
1392
1393
3176
3177
5211
5212

Query point 1029
262
642
1400
2426
3184
4312
5215

Query point 1030
1401
3185
5216

Query point 1031
1402
1403
3186
3187
5217
5218

Query point 1032
1402
1403
3186
3187
5217
5218

Query point 1033
1404
3188
5219

Query point 1034
1405
3189
5221

Query point 1035
1407
1410
3191
3194
5223
5226

Query point 1036
1408
1411
3192
3195
5224
5227

Query point 1037
1412
3196

Query point 1038
1413
1899
3197
3683

Query point 1039
1414
1415
3198
3199
5234

Query point 1040
1414
1415
3198
3199
5235

Query point 1041
1416
3200
5236

Query point 1042
1417
3201
4482
4496
5232
5233

Query point 1043
1420
3204

Query point 1044
1421
3205
5242

Query point 1045
1423
3207
5239

Query point 1046
1424
3208
5240

Query point 1047
1426
3210
5268

Query point 1048
1431
3215
5272

Query point 1049
1432
3216
5273

Query point 1050
1433
1434
1435
3217
3218
3219
5274
5275
5276

Query point 1051
1433
1434
1435
3217
3218
3219
5274
5275
5276

Query point 1052
1436
3220
5277

Query point 1053
1437
3221
5278

Query point 1054
1438
3222
5279

Query point 1055
1439
3223

Query point 1056
1441
1442
3225
3226
5280
5281

Query point 1057
1455
1485
1488
3239
3269
3272
5294
5317
5321

Query point 1058
1456
3240
5295

Query point 1059
1471
1472
3255
3256
5311
5312

Query point 1060
1471
1472
3255
3256
5312

Query point 1061
1474
3258

Query point 1062
1478
3262
5308

Query point 1063
1479
3263
5309

Query point 1064
1455
1485
1488
3239
3269
3272
5294
5317
5321

Query point 1065
1486
3270
5318

Query point 1066
1455
1485
1488
3239
3269
3272
5294
5317
5321

Query point 1067
1489
3273

Query point 1068
1505
3289

Query point 1069
1506
3290

Query point 1070
1510
3294
5339

Query point 1071
1517
1518
3301
3302
5348
5349

Query point 1072
1519
1520
3303
3304
5350
5351

Query point 1073
1519
1520
3303
3304
5350
5351

Query point 1074
1523
1524
3307
3308

Query point 1075
1523
1524
3307
3308

Query point 1076
1553
1554
3337
3338
5379
5380

Query point 1077
983
1555
2767
3339

Query point 1078
1559
3343
5388

Query point 1079
1564
3348

Query point 1080
1567
3351
5400
1568
3352
5399

Query point 1081
1568
3352
1567
3351
5400
5399

Query point 1082
1570
3354
5405

Query point 1083
1573
3357
5408
5409
1572
3356

Query point 1084
1576
3360
5394

Query point 1085
1577
3361
5395

Query point 1086
1579
3363
5397

Query point 1087
1581
3365

Query point 1088
1582
3366
5391

Query point 1089
1592
3376
5421

Query point 1090
1598
3382
5427

Query point 1091
1602
3386

Query point 1092
1603
1604
3387
3388
4528
5431
5432

Query point 1093
1603
1604
3387
3388
4528
5431
5432

Query point 1094
1643
3427
5466

Query point 1095
1644
3428
5467

Query point 1096
1646
1647
1648
3430
3431
3432
5469
5470
5471

Query point 1097
1646
1647
1648
3430
3431
3432
5469
5470
5471

Query point 1098
1646
1647
1648
3430
3431
3432
5469
5470
5471

Query point 1099
1652
3436
5477

Query point 1100
1653
3437

Query point 1101
1654
3438
5479

Query point 1102
1657
1658
3441
3442

Query point 1103
1659
3443

Query point 1104
1660
1661
3444
3445

Query point 1105
1660
1661
3444
3445

Query point 1106
1692
3476
5526

Query point 1107
1693
1694
3477
3478
5525
5524

Query point 1108
1720
3504

Query point 1109
1721
3505

Query point 1110
1722
3506

Query point 1111
1723
1724
3507
3508
5553

Query point 1112
1723
1724
3507
3508
5554

Query point 1113
1725
3509
5556

Query point 1114
1726
3510

Query point 1115
1728
3512
5561

Query point 1116
1729
3513
5562

Query point 1117
1733
3517

Query point 1118
1734
3518

Query point 1119
1736
3520
5568

Query point 1120
1737
3521

Query point 1121
1738
3522
5575
1739
3523
5576

Query point 1122
1739
3523
5576
1738
3522
5575

Query point 1123
1742
1743
3526
3527
5571
5570

Query point 1124
1742
1743
3526
3527
5571
5570

Query point 1125
1744
1745
3528
3529
5572

Query point 1126
1744
1745
3528
3529
5572
5573

Query point 1127
1751
3535
1752
3536
5583
5584

Query point 1128
1752
3536
5583
5584
1751
3535

Query point 1129
1754
3538
5588

Query point 1130
1755
1756
1757
3539
3540
3541

Query point 1131
1755
1756
1757
3539
3540
3541

Query point 1132
1755
1756
1757
3539
3540
3541

Query point 1133
1758
3542

Query point 1134
1762
3546

Query point 1135
1804
3588

Query point 1136
1806
3590
5666

Query point 1137
1807
3591
5668

Query point 1138
1808
3592
5669

Query point 1139
1809
3593
5670

Query point 1140
1811
1812
3595
3596
5671
5672
5673
1810
3594

Query point 1141
1811
1812
3595
3596
5671
5672
5673
1810
3594

Query point 1142
1815
3599
5665

Query point 1143
1816
3600

Query point 1144
1817
3601

Query point 1145
1818
3602

Query point 1146
1819
3603

Query point 1147
1822
3606

Query point 1148
1824
3608
5694

Query point 1149
1825
3609

Query point 1150
1826
3610

Query point 1151
313
314
1250
1251
1827
1828
3034
3035
3611
3612
4265
4266
5092
5093
5702
5703

Query point 1152
314
1251
1827
1828
3035
3611
3612
4266
5093
5703

Query point 1153
1829
3613

Query point 1154
1830
3614

Query point 1155
1831
3615

Query point 1156
1832
3616

Query point 1157
1833
3617
5720

Query point 1158
1834
3618

Query point 1159
1835
3619
5722

Query point 1160
1836
3620

Query point 1161
1837
3621
5724

Query point 1162
1838
1839
3622
3623
5718
5719

Query point 1163
1838
1839
3622
3623
5718
5719

Query point 1164
1842
3626
5727

Query point 1165
1847
3631
5732

Query point 1166
1849
1850
1851
3633
3634
3635
5743
5744
5745

Query point 1167
1849
1850
1851
3633
3634
3635
5743
5744
5745

Query point 1168
1853
3637
5734

Query point 1169
1854
3638

Query point 1170
1855
3639

Query point 1171
1856
3640

Query point 1172
1857
3641
5737

Query point 1173
1859
3643
5741

Query point 1174
1860
1861
3644
3645
5738
5739

Query point 1175
1860
1861
3644
3645
5738
5739

Query point 1176
1865
1866
3649
3650
5751
1864
3648
5749
5750

Query point 1177
1865
1866
3649
3650
5751
1864
3648
5750

Query point 1178
1868
1869
3652
3653
5753
5754

Query point 1179
857
1870
2641
3654
5752

Query point 1180
1872
3656
5757

Query point 1181
1873
3657
1874
3658
5758
5759

Query point 1182
1874
3658
5758
5759
1873
3657

Query point 1183
1877
1878
1879
3661
3662
3663
5763
5764
5765

Query point 1184
1877
1878
1879
1880
1881
3661
3662
3663
3664
3665
5763
5764
5765
5766
5767

Query point 1185
1879
1880
3663
3664
5765
5766

Query point 1186
1879
1881
3663
3665
5765
5767
1882
3666
5768

Query point 1187
1882
3666
5768
1881
3665
5767

Query point 1188
1884
1885
3668
3669
5769
5770

Query point 1189
1894
3678
4654

Query point 1190
1895
3679
4650

Query point 1191
1896
3680
4652

Query point 1192
1897
3681
4653

Query point 1193
1898
3682
4655

Query point 1194
1413
1899
3197
3683

Query point 1195
1900
1901
3684
3685
4660
4661

Query point 1196
1900
1901
3684
3685
4660
4661

Query point 1197
1902
1903
3686
3687
4658
4659

Query point 1198
1902
1903
3686
3687
4658
4659

Query point 1199
1904
1906
1907
3688
3690
3691
4662
4664
4665

Query point 1200
1905
3689
4663

Query point 1201
1904
1906
1907
3688
3690
3691
4662
4664
4665

Query point 1202
1904
1906
1907
3688
3690
3691
4662
4664
4665

Query point 1203
1908
3692
4657

Query point 1204
1909
3693
5980

Query point 1205
1910
3694
4667

Query point 1206
1911
3695
4666

Query point 1207
1912
3696
5712

Query point 1208
1913
3697

Query point 1209
1914
3698
5709

Query point 1210
1915
3699

Query point 1211
1916
3700
5711

Query point 1212
1917
3701
5713

Query point 1213
1918
1919
3702
3703
5714

Query point 1214
1918
1919
3702
3703
5715

Query point 1215
1920
1921
3704
3705
5716
5717

Query point 1216
1920
1921
3704
3705
5716
5717

Query point 1217
1922
3706

Query point 1218
1923
1924
3707
3708

Query point 1219
1923
1924
3707
3708

Query point 1220
1925
3709

Query point 1221
1926
3710

Query point 1222
1927
3711

Query point 1223
1928
3712

Query point 1224
1929
1930
3713
3714

Query point 1225
1929
1930
3713
3714

Query point 1226
1931
3715
5487

Query point 1227
1932
3716
5488

Query point 1228
1933
3717
2008
2014
3792
3798
5875
5879
5934

Query point 1229
1941
3725
5494

Query point 1230
1942
3726
4532
5495
1944
3728
1943
3727

Query point 1231
1943
3727
4533
5496
1942
3726

Query point 1232
1944
3728
4534
5497
1942
3726

Query point 1233
1984
1985
3768
3769
5845

Query point 1234
1987
3771

Query point 1235
1988
1989
3772
3773
5847
5848

Query point 1236
1992
3776
5844

Query point 1237
1995
3779
5857

Query point 1238
1997
3781
5854

Query point 1239
1998
3782
5858

Query point 1240
2001
3785
5860

Query point 1241
2005
3789
5873

Query point 1242
2021
3805
5884

Query point 1243
2024
3808
5887

Query point 1244
2025
3809

Query point 1245
2026
3810

Query point 1246
2027
3811

Query point 1247
2014
2028
3798
3812
5890

Query point 1248
2039
3823

Query point 1249
2042
3826
5905

Query point 1250
2045
2046
3829
3830
5899
5898

Query point 1251
2047
3831

Query point 1252
2048
3832

Query point 1253
2049
3833

Query point 1254
2050
3834

Query point 1255
2051
3835

Query point 1256
2053
3837

Query point 1257
2054
3838

Query point 1258
2055
3839
5896

Query point 1259
2057
2058
3841
3842
5900
5901

Query point 1260
2057
2058
3841
3842
5900
5901

Query point 1261
2059
3843
5902

Query point 1262
2061
3845

Query point 1263
277
279
2063
2065
3847
3849
5912
5914

Query point 1264
277
279
2063
2065
3847
3849
5912
5914

Query point 1265
2072
3856
284
5922

Query point 1266
2073
2074
2075
3857
3858
3859
5925
5924

Query point 1267
2074
2075
3858
3859
5925
5924

Query point 1268
2076
3860
5926

Query point 1269
2077
3861
5927
2073
2078
3857
3862
5928

Query point 1270
2078
3862
5928
2077
3861
5927

Query point 1271
2079
3863
5929

Query point 1272
2081
2082
3865
3866
5909
5910

Query point 1273
2086
3870
5850

Query point 1274
2087
3871

Query point 1275
2088
3872
5852

Query point 1276
2089
3873

Query point 1277
567
568
2090
3874

Query point 1278
569
753
2091
2537
3875

Query point 1279
2095
3879
5937

Query point 1280
2096
3880

Query point 1281
2106
2107
2108
2109
3890
3891
3892
3893
5959
5960
5961
5962

Query point 1282
2107
2108
2109
3891
3892
3893
5960
5961
5962

Query point 1283
2107
2108
2109
3891
3892
3893
5960
5961
5962

Query point 1284
2110
2111
3894
3895
5955
5956

Query point 1285
2112
3896
5952
5954
2114
3898

Query point 1286
2113
3897
5953

Query point 1287
2114
3898
5954
2112
3896
5952

Query point 1288
2115
2116
3899
3900
5963
5964

Query point 1289
2117
3901
5965

Query point 1290
2118
3902
5966

Query point 1291
2119
3903
5967

Query point 1292
2121
3905
5975

Query point 1293
2122
3906
5976

Query point 1294
2123
3907
5977

Query point 1295
2124
3908
5978

Query point 1296
2125
3909

Query point 1297
2169
2170
3953
3954
6040
6041

Query point 1298
2171
3955
6071

Query point 1299
2173
2174
3957
3958
6062
6063

Query point 1300
2175
2176
3959
3960
6068
6069

Query point 1301
2178
2179
3962
3963
6060
6061

Query point 1302
2178
2179
3962
3963
6060
6061

Query point 1303
2180
2181
3964
3965
6064
6065

Query point 1304
2180
2181
3964
3965
6064
6065
2182
3966
6066

Query point 1305
2182
3966
6066
2181
3965
6064
6065

Query point 1306
2184
2185
2187
3968
3969
3971
6053
6054
6056
2186
3970
6055

Query point 1307
2184
2185
2188
3968
3969
3972
6053
6054
6057
2186
3970
6055

Query point 1308
2186
3970
6055
2184
2185
2187
3968
3969
3971
6053
6054
6056

Query point 1309
2184
2187
3968
3971
6053
6056
2186
3970
6055

Query point 1310
2185
2188
3969
3972
6054
6057

Query point 1311
2189
3973
6058

Query point 1312
2194
3978

Query point 1313
2199
2200
3983
3984
6049
6050

Query point 1314
2199
2200
3983
3984
6049
6050

Query point 1315
2201
2202
2265
2266
3985
3986
4049
4050
6051
6052
6100
6101

Query point 1316
2201
2202
2265
2266
3985
3986
4049
4050
6051
6052
6100
6101

Query point 1317
2203
2204
2205
2206
3987
3988
3989
3990
6073
6074
6075
6076

Query point 1318
2204
2205
3988
3989
6074
6075

Query point 1319
2203
2204
2206
3987
3988
3990
6073
6074
6076

Query point 1320
2207
3991
6077

Query point 1321
2210
2211
3994
3995
6078
6079

Query point 1322
2212
3996
6136

Query point 1323
2213
2214
2216
2217
3997
3998
4000
4001
6088
6089
6090
6091

Query point 1324
2213
2214
2216
2217
3997
3998
4000
4001
6088
6089
6090
6091

Query point 1325
2221
2222
4005
4006
6134
6135

Query point 1326
2223
2224
4007
4008
6137
6138

Query point 1327
2223
2225
2226
2227
2228
2229
4007
4009
4010
4011
4012
4013
6137
6139
6140
6141
6142
6143

Query point 1328
2225
2226
2227
2228
2229
4009
4010
4011
4012
4013
6139
6140
6141
6142
6143

Query point 1329
2225
2226
2227
2228
2229
4009
4010
4011
4012
4013
6139
6140
6141
6142
6143

Query point 1330
2225
2226
2227
2228
2229
4009
4010
4011
4012
4013
6139
6140
6141
6142
6143

Query point 1331
2225
2226
2227
2228
2229
4009
4010
4011
4012
4013
6139
6140
6141
6142
6143

Query point 1332
2231
4015
6087

Query point 1333
2232
4016
6083

Query point 1334
2236
4020
6122
2234
4018
6120

Query point 1335
2238
4022
6124

Query point 1336
2239
4023
6125
2240
4024
6126

Query point 1337
2240
4024
6126
2239
4023
6125

Query point 1338
2241
4025
6127

Query point 1339
2242
4026
6128

Query point 1340
2243
4027
6129

Query point 1341
2244
2245
4028
4029
6130

Query point 1342
2244
2245
4028
4029
6130

Query point 1343
2248
2249
4032
4033
6113
6114

Query point 1344
2250
4034
6115

Query point 1345
2251
2252
4035
4036
6116
6117

Query point 1346
2251
2252
4035
4036
6116
6117

Query point 1347
2253
2254
4037
4038
6118
6119

Query point 1348
2253
2254
4037
4038
6118
6119

Query point 1349
2255
4039

Query point 1350
2256
2257
4040
4041
6131
6132

Query point 1351
2256
2257
4040
4041
6131
6132

Query point 1352
2259
4043
6094
6095
2260
4044

Query point 1353
2260
4044
2259
2261
4043
4045
6094
6095
6096

Query point 1354
2261
4045
6095
6096
2260
4044

Query point 1355
2262
4046
6097

Query point 1356
2263
2264
4047
4048
6098
6099

Query point 1357
2263
2264
4047
4048
6098
6099

Query point 1358
2201
2202
2265
2266
3985
3986
4049
4050
6051
6052
6100
6101

Query point 1359
2268
2269
4052
4053
6102
6103

Query point 1360
2268
2269
4052
4053
6102
6103

Query point 1361
2271
4055

Query point 1362
2273
2274
4057
4058
6106
6107
2272
4056
6105

Query point 1363
2273
2274
4057
4058
6106
6107
2272
4056
6105

Query point 1364
2275
2276
2277
4059
4060
4061
6108
6109
6110

Query point 1365
2275
2276
2277
4059
4060
4061
6108
6109
6110

Query point 1366
2275
2276
2277
4059
4060
4061
6108
6109
6110

Query point 1367
2278
2279
4062
4063
6111

Query point 1368
2280
2281
4064
4065
6080
6081

Query point 1369
4531

Query point 1370
4532
5495
1942
3726

Query point 1371
4533
5496
1943
3727

Query point 1372
1944
3728
4534
5497

Query point 1373
6023

Query point 1374
6024

Query point 1375
6401

Query point 1376
6412
6413

Query point 1377
6412
6413

